[Log] Array (1526)
0 -0.02359617682198345
1 0.045273784031814084
2 0.004975124378109555
3 0.007571345369830994
4 0.07861271676300578
5 -0.008574490889603452
6 -0.018648648648648545
7 -0.004131093362710115
8 0.021294247787610618
9 -0.00406173842404542
10 0.030995106035889126
11 -0.029008438818565498
12 0.13009234111895718
13 0.027397260273972653
14 -0.025029239766081905
15 0.0772552783109405
16 -0.00022271714922055815
17 -0.06437959456449091
18 0.042380952380952304
19 0.0511649154865235
20 -0.0058670143415906
21 -0.05617486338797805
22 0.040991199629457936
23 -0.04026696329254726
24 0.03778395920259619
25 0.07125307125307137
26 0.10300250208507089
27 0.007372400756143563
28 0.05348095327453566
29 -0.03990024937655858
30 0.040816326530612124
31 -0.007130124777183558
32 0.022621184919210006
33 -0.016678370786516846
34 0.05927512944117128
35 0.012641159615708759
36 -0.003495339547270337
37 0.0025054284282611887
38 0.030989670109963355
39 -0.025694893341952074
40 0.050754685685851716
41 0.07608524072612456
42 0.007334604664808574
43 0.030144167758846693
44 -0.0916030534351145
45 -0.04357298474945529
46 -0.020663846404165315
47 0.042365841501910674
48 -0.08559132929550536
49 0.013595956074603503
50 0.006534823731728262
51 -0.004783871518879131
52 0.054935622317596466
53 -0.03889340927583395
54 -0.05130375888926512
55 -0.12279136177048017
56 0.014445574771108898
57 -0.02025671881267557
58 -0.03582395087001013
59 -0.031634819532908816
60 0.07936855952641976
61 -0.01157830591102988
62 0.006576243321002894
63 0.040424663127807174
64 0.015306122448979649
65 -0.05701584847313493
66 -0.12051649928263995
67 -0.03146119785597756
68 -0.002406159769008731
69 -0.04269175108538335
70 -0.41320231796422274
71 0.22069557750107335
72 -0.09180443193809361
73 0.04298993028659953
74 -0.10025993316004447
75 0.0627321502269912
76 0.012427184466019451
77 0.16225546605293445
78 -0.027722772277227737
79 0.0006788866259334414
80 -0.08310719131614656
81 0.08213096559378481
82 0.033504273504273444
83 -0.025802183261660585
84 0.0478777589134125
85 -0.0661049902786779
86 0.032269257460097164
87 -0.05680672268907554
88 0.05666429080541688
89 0.026981450252951168
90 0.01707717569786534
91 0.02938327413626082
92 0.01348808030112923
93 0.004023522129371656
94 -0.0166461159062885
95 0.12601880877742958
96 -0.018652561247216145
97 0.032340425531914956
98 -0.008793624622148966
99 -0.0792902689215413
100 0.006624510689551278
101 0.0011965300628177795
102 -0.010755900806692536
103 0.00030202355783739423
104 -0.038345410628019126
105 0.08194662480376748
106 -0.004062681369703839
107 0.06468531468531467
108 -0.028735632183908108
109 -0.04451958298112139
110 0.01857859038631668
111 0.06079907353792697
112 0.11572052401746727
113 0.01883561643835616
114 0.013685474189675896
115 0.08787304594978679
116 0.01197474417591992
117 0.006669535283993068
118 0.099807651207523
119 -0.07656432180334238
120 0.07133838383838378
121 -0.00019642506383806961
122 -0.03772102161100193
123 0.008983258472845977
124 0.0006070416835289811
125 -0.011324570273002993
126 0.04786254857844129
127 0.015225453835643235
128 -0.010767160161507364
129 -0.07580174927113703
130 0.005047318611987321
131 0.0552416823603265
132 0.020622645250842737
133 -0.009520108801243526
134 -0.014123185562965839
135 0.014723438121766765
136 0.00568627450980403
137 0.05946578280366537
138 0.04471843945528159
139 0.002113792496036675
140 -0.08472490771664624
141 0.07086614173228345
142 -0.01542324246771879
143 -0.06648451730418944
144 0.05170731707317086
145 -0.00649350649350655
146 0.029505135387488293
147 0.17939415925993102
148 -0.005075361427253107
149 0.18890091204204681
150 -0.03913665323104944
151 0.09512855209742908
152 -0.02730754973433836
153 0.0871443089430895
154 0.03785931292358019
155 -0.041094348119792845
156 0.011388986732417502
157 0.004991873693986532
158 -0.0010396211158599153
159 -0.04128122109158191
160 0.008322277168013462
161 -0.09964114832535874
162 0.055931978211770844
163 -0.0052843482637140145
164 -0.033392360232734675
165 0.023815755037948208
166 0.012908997955010186
167 0.053501577287066164
168 -0.020721044436459404
169 -0.023116438356164417
170 -0.0042569174909226635
171 -0.014082736074437443
172 0.06555286315520988
173 -0.009455415918611598
174 -0.0026582890285161667
175 -0.010540344075599659
176 -0.012856618097220635
177 -0.04018853882411304
178 0.03747738433703799
179 0.04534130543099141
180 -0.011081982840800766
181 0.16652608748041933
182 -0.040285094515029304
183 0.03917769884834776
184 0.03625064733298812
185 -0.01919040479760125
186 0.0712320391317641
187 0.11910197869101968
188 0.10447126827609653
189 -0.04540906642038012
190 -0.04490848988148033
191 0.05715009285834891
192 0.012936197396789766
193 -0.02033898305084734
194 0.0667095839703871
195 -0.014106819553409856
196 -0.035733414951411795
197 -0.02999523885097597
198 0.003763089005235619
199 0.010757946210268963
200 -0.05087889050153209
201 0.046725002123863775
202 0.00478857235613987
203 0.003392568659127655
204 -0.01811302527773307
205 0.17750266458965322
206 0.033908926333379844
207 -0.06667115630682213
208 0.0754022656757343
209 -0.06253354804079438
210 0.006298310907529286
211 -0.012944523470839374
212 0.03833405389825637
213 -0.07182512144344204
214 0.026542056074766337
215 0.04406409322651129
216 -0.007534007673526318
217 0.01525268854994029
218 -0.03849349210744952
219 0.05817972350230417
220 -0.012520413718018564
221 -0.008889195148842238
222 -0.04852951400959475
223 -0.0010960906101571885
224 0.02004389173372363
225 -0.008462421113023625
226 0.0007956024880659553
227 0.0032521500325215437
228 0.011309609566344822
229 -0.024788090319823233
230 -0.052954495654079364
231 0.03447478019435448
232 -0.08186088123462315
233 0.01624035728786046
234 -0.029884139033160263
235 0.018120418416934302
236 -0.09076935523015932
237 0.017439273956757626
238 -0.06209007433318754
239 0.01883449883449891
240 0.06369543333028273
241 0.010668502107889572
242 0.043074827615561376
243 0.01566963192687509
244 -0.07681799919646443
245 -0.1778222647750022
246 0.07516409062036836
247 -0.11382434029145334
248 0.028888888888888947
249 0.01079913606911448
250 -0.027670940170940267
251 0.025271948137567415
252 0.04051012753188288
253 -0.0008239777526006462
254 0.007215750953510011
255 -0.027018728891618087
256 0.016408961817607995
257 -0.036220635413432574
258 -0.017395039192526687
259 0.02808436236476891
260 -0.033482142857142856
261 0.005278785879247863
262 -0.022426430368668746
263 -0.10664726947179944
264 0.020418389076788255
265 -0.05929290449300271
266 0.07712384183740047
267 0.17433971407802276
268 -0.015062416176622335
269 0.06106630355085369
270 -0.009871668311944727
271 0.007976071784646014
272 0.0025717111770525245
273 -0.03275453827940019
274 -0.052835577315381514
275 0.004522937755761401
276 0.03837907375643224
277 0.005368573198430649
278 -0.04610803039638524
279 0.00915060824631288
280 0.0275229357798165
281 0.05159883720930235
282 0.035936420179682
283 0.0147717525969695
284 0.02789256198347108
285 -0.0018273184102330353
286 -0.02032036613272311
287 -0.0034569746799962193
288 -0.023626476654791003
289 0.01766852314192441
290 0.012926967352330593
291 0.011551001397298602
292 -0.05718758633391663
293 0.0342840398515335
294 0.046085560487298095
295 -0.02455538503204839
296 -0.0007403979639055691
297 -0.01463369454478094
298 -0.03129993420434251
299 -0.0048515427906074176
300 -0.0377340093603744
301 -0.034248657412098434
302 -0.021089077746301664
303 -0.0032154340836012298
304 0.056666666666666636
305 -0.06166683626742644
306 0.014748942630951091
307 0.020626269103345102
308 0.021151832460732923
309 0.11874487284659564
310 -0.07167736021998174
311 0.05203396524486583
312 -0.008822149225715722
313 0.0027459520878704534
314 0.0008498583569405737
315 -0.013114444758939544
316 0.016156787762906282
317 -0.020509925675039998
318 -0.03505907213524158
319 0.033943858252040715
320 0.05391354577837676
321 -0.026399926920617555
322 -0.006380183899418278
323 0.1169027384324835
324 0.1273249915454852
325 0.09487025648717581
326 0.057949174601000034
327 0.08261573324700545
328 -0.07463668440882718
329 -0.10534479415756484
330 0.02419995665679399
331 0.16299901255466231
332 0.010552489538480148
333 0.0324671427714097
334 -0.09544292025110433
335 0.018185323223236082
336 0.03490059955822013
337 -0.09860958653494323
338 0.08199715851430886
339 -0.00750328268617507
340 -0.029736029736029748
341 -0.0831764171157718
342 0.04787535410764884
343 -0.04109218707758855
344 -0.018466309557372506
345 0.03676576188424539
346 0.0670452971325668
347 0.03057250421913535
348 -0.03124015872016119
349 0.0931668942201418
350 -0.028428690377066766
351 0.010161606268364317
352 -0.0041813113561992256
353 -0.014117933426641614
354 -0.05697179186469964
355 0.02408692237203815
356 -0.12853125399463117
357 0.12240557389072249
358 0.029861474124411855
359 0.004948924560624344
360 -0.023486331207778276
361 0.13965216266890804
362 0.08169285754807962
363 -0.03555881890176749
364 -0.013866985697971596
365 -0.03446564464541748
366 0.01330744188702952
367 0.16193213842858756
368 0.09279650739752611
369 0.14848188920454547
370 0.28740385730297985
371 -0.10150409799153384
372 0.015403635391606533
373 0.08795945901477518
374 -0.08798620773092977
375 -0.08566311809770177
376 0.04780558578164681
377 0.08107172528385487
378 -0.0009285943003522653
379 -0.03246690811191958
380 0.1617530144428251
381 0.08582589603946268
382 -0.025156902392269052
383 -0.010855803679659451
384 0.022113289760348476
385 -0.1797665991687093
386 0.13259704401494224
387 -0.008145237617231061
388 0.022033947315154727
389 -0.029339369076248383
390 0.0006412498542613909
391 -0.0928051267113312
392 0.10483560236321607
393 0.009968322241274053
394 0.047421731123388565
395 -0.052884615384615356
396 0.18567077592458306
397 0.039680986397886316
398 0.03979010776977735
399 -0.005770666908054033
400 0.22722720444302824
401 0.1766975165532206
402 0.042005548199987315
403 0.023128469648610667
404 0.04323013690528999
405 0.331679941044755
406 -0.012451312176744826
407 -0.003987240829346132
408 -0.012193538614675528
409 -0.0759592109442601
410 0.021087193589682904
411 0.009948573882962013
412 0.025356321839080424
413 0.02506557854852818
414 0.012455983027492849
415 0.2050852766766399
416 -0.01500430230890576
417 -0.0017380384734381115
418 -0.12311422659362092
419 0.09049138746530565
420 0.0265867190330022
421 0.15425615882478577
422 0.057110447857251945
423 -0.0015144366143589414
424 -0.01201192045913584
425 -0.05667800689671127
426 -0.00792443572129555
427 -0.08302627131917133
428 0.041972689434461044
429 -0.02595161679953075
430 0.0012577502214348776
431 -0.010562445816599195
432 0.07038123167155437
433 -0.05395088539926507
434 -0.0073370356963118975
435 -0.08203326514275552
436 0.06581917893166166
437 -0.04324545454545464
438 -0.020333893940689723
439 0.21164272620583305
440 0.10227018026960401
441 -0.10729847494553381
442 0.05327638804148875
443 -0.07281770857469447
444 -0.012370258067740723
445 -0.07094238408920313
446 0.013517930095324622
447 -0.04243140837879228
448 0.02486389403378779
449 0.10825118656443962
450 -0.030818646022072155
451 0.011089583439555403
452 0.010556129867292072
453 0.00790093064646233
454 -0.016486644827500754
455 -0.006829374701110013
456 0.0052459514939557925
457 -0.02319366712045586
458 0.016930779951478986
459 0.02515946737052254
460 0.03317379105462949
461 -0.06262779552715662
462 0.038914782845798024
463 -0.014147925791053579
464 0.012861789835359131
465 0.037848981905098195
466 0.0401725297772151
467 0.07467796790711473
468 0.027229089673335836
469 0.018801863645135482
470 -0.04621160871329987
471 -0.029697352275709504
472 -0.0665852838408796
473 -0.06455326447025288
474 0.06060276266220191
475 -0.04997276795933347
476 -0.04950231808438175
477 0.012814685314685418
478 -0.04815044965736282
479 -0.010490810340294032
480 0.13396866122972612
481 0.055595959595959574
482 0.024190461609125066
483 -0.023619104566858562
484 0.035902931945188656
485 -0.001182382500739023
486 -0.018422610239715836
487 0.02675812165523486
488 -0.06783144912641317
489 0.165380374862183
490 0.11440735234491148
491 0.0023649263234491627
492 -0.019298245614035113
493 0.08956881130096847
494 -0.0702032497310762
495 0.07361626986543263
496 -0.10991379310344838
497 0.2295144641264178
498 0.04006011608623545
499 0.08346205590712043
500 0.057855040470934475
501 -0.11716372489348746
502 -0.013345151918057765
503 -0.2681672988620484
504 0.22798881538566462
505 -0.13956458958125073
506 -0.05576712063512542
507 -0.10185248479048466
508 0.1796940406423624
509 0.002064516129032174
510 0.14544166881277362
511 -0.06964195379686353
512 -0.08572982116964713
513 -0.0729531487477698
514 0.12274574096514357
515 0.1029775887245255
516 -0.0005756058251310147
517 0.009848528480101431
518 0.052412455800159616
519 -0.07456782095052292
520 -0.03080166305557181
521 0.01329224820252554
522 -0.06630493113111917
523 0.010217766140877459
524 0.029078955686200024
525 -0.05841882179495053
526 -0.06243475991649263
527 0.029086354463850852
528 0.052539049293393654
529 0.013041243736348442
530 -0.013761176992834075
531 -0.045074588477366145
532 -0.0016833883240186982
533 -0.04471873735329828
534 -0.022876509214149535
535 0.03063805188236144
536 -0.17689125709878706
537 -0.014735945485519483
538 0.0816979337771246
539 0.08727621483375955
540 -0.07960893854748607
541 0
542 0.06860474403002963
543 -0.008968609865470859
544 0.035444947209653035
545 0.008958485069191535
546 -0.03898072619649177
547 0.04754750995267794
548 0.007098809694536082
549 0.0405838376646493
550 -0.03941156346219644
551 0.00840515706246886
552 -0.008264462809917387
553 -0.05484330484330482
554 0.017633760361718227
555 -0.010959715639810534
556 0.009658580413297495
557 -0.026622172784575484
558 -0.03626390370257511
559 -0.0011857707509880118
560 -0.029837752275425455
561 -0.044868657203458916
562 0.0011103518961392694
563 0.00784915962801817
564 -0.04977567087107421
565 -0.06111358574610244
566 0.11120599677388743
567 0.012381521646315393
568 0.01864035087719299
569 0.02070050509232418
570 -0.0034882777642572978
571 0.021735591012699583
572 0.019759381722571853
573 0.005937963903429995
574 -0.0014757281553398156
575 0.0196017423771001
576 0.0064845895636252305
577 -0.003865686348821256
578 -0.004489423223253703
579 0.046854696934953685
580 0.00503796728971972
581 0.0068289139120957885
582 0.011977776174327276
583 0.05005347593582875
584 -0.03204997623412773
585 0.0343739038933707
586 0.13801288572397424
587 0.06877234803337316
588 0.02174640347942451
589 0.16710325256494205
590 0.02300570466660449
591 -0.009644391626291306
592 -0.04398393870863522
593 -0.07120787872936186
594 0.09376786735277295
595 0.1600532243501403
596 0.00598091024538125
597 -0.008795862686810393
598 0.11125261903783737
599 0.07774779104587975
600 -0.067405323819978
601 0.007466803987199677
602 -0.07703541438481193
603 0.16534810126582283
604 -0.03360488798370679
605 0.0014049877063575706
606 -0.041038232199228336
607 0.012070226773957542
608 0.03686302855077713
609 0.03171836876960604
610 0.002027027027027104
611 -0.04585300067430887
612 0.02826855123674914
613 -0.026460481099656343
614 -0.11260148252735629
615 -0.017501988862370563
616 0.019433198380566636
617 -0.053613979348689354
618 0.10700797314309689
619 -0.021607278241091713
620 -0.06935296396745441
621 -0.0024979184013323177
622 0.045492487479131885
623 -0.03512974051896211
624 -0.02772031443938756
625 0.008936170212765918
626 -0.03711514129059472
627 -0.08935611038107742
628 -0.04473304473304482
629 0.13645518630412898
630 0.03101462117855553
631 -0.02148689299527281
632 0.010101010101009963
633 -0.040434782608695645
634 -0.034888989578613486
635 -0.043661971830985906
636 0.014236622484045123
637 0.023717328170377725
638 0.06666666666666646
639 -0.003989361702127614
640 0.001780151312861595
641 -0.026654820079964486
642 0.01916932907348255
643 -0.010747872816838344
644 0.031235853327297395
645 -0.017998244073748868
646 0.013857845328564905
647 -0.03483245149911805
648 -0.008222932846048532
649 -0.0244127130354675
650 0.03399433427762043
651 -0.008219178082191686
652 0.021178637200736563
653 -0.017583408476104664
654 -0.009637448370812257
655 -0.013901760889712607
656 -0.008458646616541464
657 0.037914691943128
658 -0.024200913242009105
659 0.008890968647636934
660 0.00463821892393311
661 -0.02123730378578016
662 0.011320754716981142
663 -0.003264925373134383
664 -0.1052877866167525
665 0.03922594142259424
666 0.01409159536990439
667 -0.029776674937965285
668 0.004603580562659794
669 -0.007637474541751478
670 0.011287839917906628
671 0.04667681380010151
672 -0.0387784779447407
673 -0.0005042864346949631
674 0.011604439959636685
675 0.007980049875311729
676 0.05145967342899559
677 0.06823529411764706
678 -0.07621145374449341
679 -0.008583690987124365
680 -0.016354016354016475
681 0.0024449877750610726
682 -0.004878048780487702
683 -0.011274509803921633
684 -0.07089737233515112
685 0.001067235859124749
686 -0.04797441364605536
687 0.04311310190369538
688 0.03166935050993019
689 -0.045265348595213306
690 -0.03215258855585828
691 -0.014076576576576651
692 -0.048543689320388335
693 0.00540216086434581
694 -0.08477611940298514
695 0.006523157208088721
696 0.033052495139339055
697 0.0043914680050187544
698 -0.02935665209244218
699 -0.003861003861003864
700 0.1104651162790698
701 -0.09482257126236185
702 -0.08740359897172244
703 -0.02957746478873242
704 0.030478955007256923
705 -0.02957746478873242
706 0.013062409288824395
707 -0.07664756446991404
708 -0.060512024825445966
709 0.11808422791081752
710 -0.005908419497784347
711 -0.0913818722139673
712 0.035159443990188
713 0.03554502369668241
714 -0.054157131960335586
715 -0.017741935483870985
716 0.019704433497536963
717 0.0008051529790661126
718 -0.004827031375703946
719 0.034761519805982154
720 0.036718749999999946
721 0.11152976639035428
722 -0.056271186440678085
723 0.043103448275862113
724 0.0020661157024794174
725 0.041924398625429515
726 -0.07651715039577843
727 -0.04857142857142846
728 0.020270270270270205
729 -0.037527593818984496
730 0.055045871559632906
731 -0.0021739130434781824
732 -0.04212055192447353
733 -0.0075815011372251774
734 -0.06035141329258974
735 0.040650406504065074
736 -0.05468750000000005
737 -0.023966942148760263
738 -0.009314140558848535
739 -0.04017094017094011
740 0.056990204808548585
741 0.10530749789385004
742 -0.060213414634146305
743 0.04785077047850765
744 -0.0007739938080496222
745 0.09217660728117738
746 0.13687943262411353
747 -0.09045539613225204
748 -0.08299039780521263
749 -0.058339566192969386
750 -0.11040508339952328
751 -0.043750000000000136
752 0.049486461251167284
753 -0.05249110320284712
754 -0.020657276995305184
755 0.0325982742090125
756 -0.032497678737232985
757 0.005758157389635321
758 0.010496183206106773
759 -0.02266288951841362
760 0.015458937198067648
761 0.042816365366317936
762 -0.0629562043795622
763 0.03310613437195719
764 0.07257304429783219
765 -0.011423550087873376
766 0.016000000000000014
767 0.048993875765529354
768 -0.019182652210175254
769 0.016156462585034122
770 -0.0376569037656905
771 -0.061739130434782574
772 -0.018535681186283612
773 -0.016052880075542876
774 0.006717850287907769
775 0.0552907530981888
776 -0.022583559168924943
777 -0.05730129390018489
778 -0.024509803921568648
779 0.0010050251256281417
780 -0.06526104417670678
781 -0.08055853920515581
782 0.03738317757009349
783 -0.024774774774774796
784 -0.015011547344110868
785 0.05275498241500591
786 -0.01224944320712696
787 -0.0349492671927847
788 0.12383177570093457
789 0.0010395010395010404
790 -0.02492211838006233
791 -0.03833865814696477
792 -0.06533776301218168
793 0.023696682464455
794 -0.04745370370370375
795 -0.036452004860267215
796 0.011349306431273654
797 0.05860349127182036
798 -0.04946996466431087
799 -0.023543990086741035
800 0.0012690355329949248
801 -0.003802281368821296
802 0.02035623409669213
803 -0.002493765586034915
804 0.0474999999999999
805 -0.003579952267303106
806 0.019161676646706604
807 0.06110458284371333
808 -0.026578073089701018
809 0.04323094425483508
810 0.06324972737186471
811 0.13641025641025653
812 0.020758122743682227
813 -0.030946065428823978
814 0.051094890510948746
815 0.027777777777777804
816 -0.011824324324324335
817 0.017948717948718062
818 -0.0016792611251049553
819 -0.04037005887300256
820 0.021034180543383015
821 -0.00858369098712447
822 0.026839826839826768
823 0.021922428330522787
824 -0.033828382838283766
825 -0.10162254483347566
826 0.035171102661596884
827 -0.05968778696051419
828 0.02050781249999991
829 -0.017224880382775136
830 -0.10418695228821799
831 0.03804347826086948
832 0.019895287958115203
833 -0.04209445585215598
834 0.024651661307609762
835 -0.005230125523012557
836 -0.038906414300735985
837 0.02516411378555801
838 0.016008537886872894
839 -0.015756302521008302
840 -0.028815368196371424
841 -0.004395604395604399
842 -0.022075055187637988
843 0
844 0.01286681715575617
845 -0.07967461555605082
846 0.01719336481414214
847 0.003690036900368994
848 -0.04554079696394686
849 -0.06113320079522852
850 0.04486500794070927
851 -0.010892970234325448
852 -0.012549622230759418
853 0.16521851899883278
854 -0.12253756260434054
855 -0.006595636732623012
856 -0.029111338100102198
857 -0.026433456075749616
858 -0.18695123598541127
859 0.044359528160824155
860 -0.1748329621380846
861 -0.08752650857914025
862 0.11768434396788512
863 0.015500945179584093
864 0.1133655994043186
865 -0.06888480187259659
866 0.037529179385886215
867 -0.12443752163378326
868 0.05435856888713178
869 -0.03224596925384326
870 0.024021697016660144
871 0.02459326522890657
872 -0.052067946824224526
873 0.0165562913907286
874 -0.01398735389921457
875 -0.06937427127866296
876 -0.04656504489454998
877 0.017520805957074042
878 0.03745157124408087
879 0.1821576763485477
880 0.10003510003510013
881 -0.1199744735162732
882 0.06435823060188538
883 -0.046159087037983146
884 0.011607142857142767
885 0.001588702559576367
886 0.07349312654212188
887 0.0082088327039895
888 0.04347826086956531
889 -0.013264669163545666
890 -0.09157045706152135
891 -0.03551532033426179
892 -0.11480144404332138
893 -0.053017944535073455
894 0.04026701119724375
895 0.10701718070792814
896 -0.1095736724008976
897 0.023099538009239834
898 -0.06629720853858784
899 0.06572873158936025
900 0.013820132013201286
901 -0.02075279755849438
902 -0.04550176605028056
903 0.044841097083151954
904 0.037708333333333344
905 0.0006022886970488305
906 -0.017054574638844317
907 -0.008777301490100073
908 -0.03336079077429982
909 -0.00681721346399655
910 -0.013513513513513573
911 -0.024353120243531177
912 0.016046356139959972
913 0.00043869269576656716
914 0.029379522034641455
915 -0.026411075612353497
916 0.011376066506234921
917 0.03309539260220644
918 -0.024078726968174223
919 0.02553100193091604
920 -0.03263598326359833
921 -0.05990484429065745
922 -0.04048769266160559
923 0.05082713977463437
924 0.007529089664613209
925 0.0011322463768115953
926 0.035512327527708644
927 -0.021843599825251223
928 0.09513175524787858
929 0.05057096247960846
930 -0.04697204968944099
931 0.01690427698574344
932 -0.03304626477067898
933 0.07083678541839272
934 -0.009671179883945849
935 -0.071875
936 -0.015782828282828298
937 0.09279452640581567
938 0.003717472118959133
939 0.01715399610136458
940 0.00862399386738204
941 -0.019380581417442498
942 -0.00716915326487122
943 -0.03142076502732231
944 0.00846262341325796
945 -0.0015984015984015333
946 0.03542125275165098
947 -0.011982991882489339
948 0.03208137715179963
949 0.0180060652009099
950 -0.04505678644572705
951 0.047767596022616425
952 -0.013211760327502783
953 0.018668678106732076
954 0.03535727508330249
955 0.018237082066869276
956 -0.03441615452151001
957 0.012911438443353327
958 -0.03339317773788161
959 -0.04921991084695388
960 -0.12092205508888457
961 0.0017777777777777052
962 0.02617568766637097
963 -0.002377864245568504
964 0.009317443120259958
965 -0.01717475311292402
966 0.014635211882918392
967 -0.07082884822389675
968 0.04240037071362382
969 -0.04578795287841744
970 0.04914977870952715
971 0.005994671403197114
972 -0.015228426395939125
973 0.02532496638278806
974 -0.006994535519125762
975 0.05723090468853186
976 0.04830314386841546
977 -0.010129096325719839
978 -0.07203049759229532
979 0.03502702702702701
980 0.0006266973052015186
981 0.048434237995824636
982 0.01971326164874556
983 -0.004491310290958736
984 -0.01686936053354267
985 -0.07521947326416592
986 0.03754045307443359
987 -0.03056768558951963
988 0.018018018018018056
989 0.02380952380952376
990 -0.07861699938258904
991 0.011168192986374816
992 -0.023194168323392998
993 -0.0074626865671641104
994 0.04442925495557066
995 0.007417102966841218
996 -0.023170203551320892
997 -0.010418975836843232
998 0.002016129032257967
999 -0.01386094343840819
1000 -0.011335298118340522
1001 0.004586104104563178
1002 -0.007760785208856458
1003 -0.010812054290315119
1004 -0.02465116279069767
1005 0.019551740581783463
1006 0.01847521047708143
1007 -0.010562571756601592
1008 -0.0048735205384079616
1009 -0.01119402985074633
1010 -0.004952830188679223
1011 0.0026072529035316185
1012 -0.0515366430260047
1013 -0.02592223330009975
1014 -0.02405322415557821
1015 -0.012060828526481365
1016 -0.026804670912951162
1017 -0.007090264521407271
1018 0.017028288931612304
1019 0.00540102619497705
1020 -0.026591458501208753
1021 -0.03504415011037525
1022 -0.027166142407778118
1023 0.026455026455026478
1024 0.006013745704467327
1025 0.030742954739538787
1026 -0.013256006628003235
1027 0.11950741673663592
1028 0.007500000000000007
1029 -0.036228287841191066
1030 0.041194644696189386
1031 0.03857566765578636
1032 -0.03428571428571421
1033 -0.00024654832347137325
1034 -0.010850801479654783
1035 -0.038643729743206214
1036 0.010114107883817466
1037 0.08241335044929386
1038 0.011385199240986781
1039 -0.05698874296435269
1040 0.004973887092762998
1041 -0.0789408562237071
1042 -0.14696399785061787
1043 0.16125984251968511
1044 -0.03553024138866287
1045 -0.04471316085489321
1046 -0.029143361789814602
1047 0.007580351728320201
1048 0.015046644598254603
1049 -0.015713015120071068
1050 -0.02108433734939761
1051 0.0030769230769230795
1052 0.00613496932515338
1053 -0.04878048780487809
1054 -0.023717948717948776
1055 0.02626395272488512
1056 0.01887396033269359
1057 -0.006907378335949701
1058 -0.005374644325008013
1059 -0.002542911633820621
1060 -0.003824091778202786
1061 -0.019193857965451075
1062 0.008480104370515301
1063 0.03072445019404919
1064 -0.013178537809852469
1065 0.01462639109697931
1066 0.0015669069257286132
1067 0.007822277847309144
1068 -0.00869295249922392
1069 -0.0031318509238958516
1070 -0.02544769085768159
1071 0.013862024500322458
1072 -0.008585055643879111
1073 0.002565747273893417
1074 -0.01663467690339086
1075 -0.0016265452179570607
1076 0.023786249592701116
1077 -0.020050922978994183
1078 -0.024683338746346203
1079 -0.1235431235431236
1080 0.015197568389057765
1081 -0.004865269461077724
1082 -0.048890560361038025
1083 0.022933965994464102
1084 -0.0204870506378043
1085 0.012628255722178298
1086 0.010911925175370322
1087 -0.0007710100231304297
1088 -0.00038580246913576
1089 0.02354303357776918
1090 -0.018476621417797948
1091 -0.046484825201690255
1092 -0.016921837228041938
1093 0.007377049180327853
1094 0
1095 0.016680227827502118
1096 0.015606242496998856
1097 -0.0035460992907801886
1098 0.05891656781336484
1099 0.005227781926811099
1100 0.034918276374442864
1101 -0.006460875807609561
1102 0.0744219653179191
1103 0.0652320107599194
1104 0.01704545454545442
1105 0.0024829298572316043
1106 0.01950464396284821
1107 0.04949893713938669
1108 0.019965277777777665
1109 -0.005106382978723315
1110 -0.0008554319931566081
1111 -0.013984018264840227
1112 -0.05528219971056426
1113 0.03523284313725476
1114 0.0807931340633325
1115 0.00958378970427164
1116 0.020884187686465917
1117 -0.003719447396386855
1118 -0.04346666666666662
1119 0.040423752439364254
1120 0.017148981779206905
1121 0.02687038988408848
1122 -0.02026680348896861
1123 0.04084838963079341
1124 -0.06289308176100634
1125 0.047516778523489914
1126 0.017426960533060042
1127 0.002770780856423148
1128 0.014318010550112994
1129 -0.010896483407627576
1130 -0.017776664997496232
1131 -0.025490695895997985
1132 0.04342139680878892
1133 -0.01178240160441209
1134 -0.08117706747843727
1135 -0.011319712865820121
1136 0.028762915386763562
1137 -0.011672095548317118
1138 -0.01318319143092549
1139 0.07625939326468127
1140 0.08352728213085078
1141 -0.07541766109785195
1142 0.0410428497676819
1143 0.00669476816265816
1144 -0.01600985221674878
1145 0.010763454317897297
1146 -0.027984150569588848
1147 -0.00942675159235678
1148 -0.01646090534979414
1149 -0.04341004184100419
1150 -0.01038819026790603
1151 0.019613259668508274
1152 -0.011920888648062747
1153 -0.03564573622155199
1154 0.023883992038669213
1155 -0.02693696195501246
1156 -0.020833333333333256
1157 -0.01894491401923639
1158 0.001188354129530634
1159 -0.019287833827893192
1160 0.00030257186081691066
1161 -0.039624924379915306
1162 -0.023307086614173283
1163 0.015478877781360938
1164 -0.03112099079072731
1165 0.08095706325794821
1166 0.04093389933292909
1167 -0.001165161666181216
1168 -0.05482648002333037
1169 0.002468373958654807
1170 0.07540781779008915
1171 -0.035203205495134456
1172 0.02284188668051019
1173 -0.03683294663573083
1174 0.11291779584462504
1175 -0.02705627705627708
1176 0.03309232480533933
1177 -0.03203230148048458
1178 -0.022803114571746344
1179 0.012236767216846972
1180 -0.02867585043576059
1181 0.06541244573082493
1182 0.03531649008421628
1183 -0.013119916032537404
1184 0.06062217495346979
1185 -0.0175482577086988
1186 -0.026537381985200358
1187 0.014941022280471776
1188 0.005681818181818273
1189 0.007447354904981916
1190 -0.023961254142237993
1191 0.001566988769913788
1192 0.004693611473272408
1193 0.010641058915131191
1194 0.01977401129943499
1195 0.010828506673381946
1196 0.00822122571001501
1197 0.050407709414380955
1198 0.03058103975535171
1199 0.032184432777904594
1200 -0.001990269792127404
1201 -0.0381121205406603
1202 0.021653996774936696
1203 -0.06133032694475762
1204 -0.03747297621907279
1205 -0.045670077364611886
1206 0.03451882845188282
1207 -0.017694641051567254
1208 -0.013124034997426643
1209 0.028683181225554133
1210 0.017490494296577848
1211 0.021674140508221328
1212 -0.014142891977566513
1213 -0.004699480583724988
1214 -0.01689860834990053
1215 -0.022244691607684604
1216 0.012409513960703274
1217 0.006128702757916275
1218 -0.017005076142132078
1219 0.01781564678543769
1220 -0.03932014205986812
1221 -0.007129654079746449
1222 -0.028457446808510603
1223 -0.005474952094169181
1224 0.01651527663088358
1225 -0.025724343352288133
1226 0.02973874374652581
1227 -0.015924426450742286
1228 0.017827756445419656
1229 -0.011317704122877881
1230 0.003543199781957
1231 0.019826181423139525
1232 -0.010918774966711032
1233 -0.008885298869143847
1234 -0.005161640858462258
1235 -0.016384489350081934
1236 0.02137701277068291
1237 0.006795324816526236
1238 -0.017818574514038864
1239 -0.015667949422759862
1240 0.012566322256352985
1241 0.011307225592940012
1242 0.04390509953640564
1243 -0.010971786833855753
1244 -0.0018489170628631232
1245 -0.009261709446943643
1246 -0.026709401709401732
1247 0.0378704720087815
1248 -0.0060814383923848995
1249 0.0037243947858473327
1250 -0.06864564007421159
1251 0.004837791690381431
1252 -0.0872274143302182
1253 0.00155134967421657
1254 -0.08581164807930608
1255 -0.06912910877668578
1256 -0.009828904259191773
1257 0.010294117647058709
1258 0.0014556040756914536
1259 -0.04324127906976752
1260 -0.004937333839726426
1261 0.004580152671755645
1262 0.013297872340425544
1263 -0.021372328458942567
1264 0.009195402298850625
1265 0.026955201214882287
1266 0.058040665434380745
1267 0.01292802236198456
1268 0.023111417730251757
1269 -0.024949426837491444
1270 0.010027662517289121
1271 -0.03971242725094145
1272 0.0221033868092691
1273 -0.06906173700732467
1274 0.031097789434244936
1275 0.04251453488372089
1276 0.019170442662948782
1277 -0.002735978112174991
1278 0.017489711934156355
1279 -0.014492753623188493
1280 -0.029069767441860492
1281 -0.01937301866854528
1282 0.021551724137931057
1283 0.022151898734177312
1284 -0.02167182662538709
1285 0.011954992967651245
1286 0.017025712300208534
1287 -0.012640929279125508
1288 0.23425605536332195
1289 -0.08130081300813015
1290 -0.00518767165090015
1291 -0.034969325153374295
1292 -0.008900190718372438
1293 -0.007376523412443952
1294 0.042326332794830376
1295 -0.020148791072535664
1296 -0.010756089844985809
1297 -0.008634473936680463
1298 0.0229032258064516
1299 -0.0372122358877325
1300 -0.005240746806419883
1301 0.01053671386236411
1302 0.0026067122841315327
1303 0.007149821254468753
1304 0.010003226847370093
1305 0.008306709265175691
1306 -0.027249683143219256
1307 0.010749185667752525
1308 -0.03544956493715762
1309 -0.02372201804209821
1310 0.004449007529089555
1311 0.0010221465076661754
1312 -0.005105513955071482
1313 -0.004447485460143768
1314 0.021993127147766384
1315 0.013113651647612691
1316 -0.01593096581480261
1317 -0.010792580101180374
1318 -0.004773269689737512
1319 -0.008564576909900659
1320 0.004146510020732669
1321 -0.029593943565038028
1322 -0.025886524822694944
1323 -0.07062249726974872
1324 0.03407755581668619
1325 0.01818181818181807
1326 0.005580357142857148
1327 -0.027746947835738094
1328 -0.015220700152207016
1329 0.035935085007728094
1330 -0.00820589332338672
1331 -0.017675817976683102
1332 -0.0007656967840734226
1333 0.009195402298850625
1334 0.01594533029612749
1335 0.018684603886397623
1336 -0.02641232575201755
1337 -0.037678975131876444
1338 -0.0011746280344558436
1339 0.00431203449627593
1340 -0.0011709601873535012
1341 0.0007815552950370377
1342 0.006638032018742598
1343 -0.0003878975950348681
1344 0.0007760962359333857
1345 -0.013571151609150844
1346 -0.004323899371069142
1347 -0.0169759178839322
1348 -0.027710843373493933
1349 0.014043783560512129
1350 0.013034623217922642
1351 0.010454362685967104
1352 -0.0031834460803821046
1353 -0.0007984031936126865
1354 -0.012784658409908254
1355 0.018211250505868085
1356 0.012718600953895216
1357 -0.012166405023548064
1358 -0.027016289233214037
1359 0
1360 0.004899959167006969
1361 -0.013815522145469378
1362 0.013185002060156607
1363 -0.0016266775111834545
1364 -0.0036659877800406687
1365 0.017579721995094024
1366 0.0020088388911209338
1367 0.01844426623897351
1368 0.04685039370078749
1369 -0.025573523881158435
1370 0.007333076032419964
1371 -0.008045977011494216
1372 0.005021243723445221
1373 0.016910069177555786
1374 -0.022297808012093787
1375 -0.009277155005798274
1376 -0.019508388607100857
1377 -0.009152407481098385
1378 -0.003614457831325349
1379 -0.008464328899637207
1380 -0.0008130081300813241
1381 0.00488201790073233
1382 0.0012145748987854037
1383 0.016174686615446954
1384 -0.01989653800238771
1385 -0.013398294762484764
1386 0.016049382716049443
1387 0.01741595787768315
1388 0.029458598726114723
1389 0.02049497293116793
1390 0.06366047745358083
1391 -0.005343783398646247
1392 0.005730659025787931
1393 0.022792022792022852
1394 0.007311977715877405
1395 0.0055305910819218465
1396 0.015469233413544187
1397 0.026066350710900424
1398 -0.03332233586275156
1399 0.04812286689419796
1400 0.05177466623249764
1401 0.01919504643962843
1402 -0.004252733900364558
1403 0.043014032946918856
1404 0.05995905235448967
1405 -0.030905077262693124
1406 0.01850797266514808
1407 0.029913335197092498
1408 0.04750271444082523
1409 -0.003887017362010887
1410 -0.0026014568158168596
1411 -0.06937923839332293
1412 0.003082959641255577
1413 0.058396200055881614
1414 -0.02164730728616695
1415 -0.009444144630329205
1416 0.027512939253609366
1417 0.0180275715800637
1418 -0.009374999999999979
1419 -0.06256572029442703
1420 0.06702187324733605
1421 0.017871222076215432
1422 -0.0028401755744900336
1423 0.020455722423614753
1424 -0.017254503933012
1425 -0.02478698683191324
1426 0.021445591739475765
1427 -0.010886469673405863
1428 -0.014937106918238949
1429 0.02261239691407291
1430 0.03433922996878249
1431 -0.006790744466800894
1432 0.03013421119270707
1433 0.046460176991150515
1434 0.04040404040404039
1435 0.028448859787762473
1436 0.19736553238199775
1437 0.061789512284561705
1438 0.027111034363667845
1439 -0.07414256893073307
1440 0.050299618667151005
1441 0.1540456431535269
1442 -0.036254681647940074
1443 -0.06668739312917758
1444 0.012325116588940642
1445 -0.045080618624547514
1446 0.03738800827015841
1447 -0.043182195648563404
1448 0.023086269744836123
1449 0.07753647777400739
1450 -0.019681939851991744
1451 -0.015419209765499603
1452 -0.03442088091353998
1453 0.05457002872106774
1454 -0.024831784684395963
1455 0.04057828158370288
1456 -0.02778654878433841
1457 -0.012179278986684089
1458 -0.011836265000821938
1459 -0.011811678589253029
1460 0.049158249158249165
1461 -0.02920410783055198
1462 -0.07950413223140501
1463 0.023343508708924425
1464 -0.050008773469029606
1465 -0.03454008127077935
1466 -0.05395064090300374
1467 0.09443882709807891
1468 -0.0532150776053216
1469 0.10460577673692424
1470 0.028268551236749144
1471 -0.05910652920962197
1472 0.002739225712198789
1473 -0.04370788563103264
1474 0.00476099790516082
1475 0.015163002274450357
1476 -0.013816280806571999
1477 -0.04846648996592191
1478 0.003581376840429591
1479 0.022997620935765375
1480 -0.024806201550387662
1481 -0.0488871224165341
1482 -0.002716255745925665
1483 -0.0016760946993505613
1484 -0.02077649527806918
1485 0.03921988855550789
1486 0.0026809651474531313
1487 0.008432743726861359
1488 0.07281256373648788
1489 -0.02357414448669216
1490 -0.031152647975077805
1491 0.020498392282958286
1492 0.013391098857817875
1493 -0.004275165176836339
1494 -0.03708040593286488
1495 0.002026753141467371
1496 0.007888349514563136
1497 0.007826610475617016
1498 0.05615292712066906
1499 0.01941930618401202
1500 0.019974107638246776
1501 -0.018313689936536714
1502 0.03287772441817517
1503 -0.025572246065808258
1504 0.05854285189943095
1505 0.055305131761442514
1506 -0.016592738623295543
1507 0.018376211159371884
1508 0.015912073490813534
1509 0.018569352494752247
1510 -0.01458465440710207
1511 -0.036679536679536745
1512 -0.021710086840347382
1513 -0.005804028678729871
1514 0.024896978021977947
1515 -0.009214273747696348
1516 0.04683801149813992
1517 0.007753190114682647
1518 0.007693540631511502
1519 0.04135517735008734
1520 0.09897663051779454
1521 0.03071577484364143
1522 -0.018473570658036738
1523 0.05797499656546231
1524 -0.10102584079989609
1525 0.05546728296981076


